36 18 37
18 36 17
35 29 42
29 35 30
1 0 36
57 62 56
62 57 58
2 1 41
10 54 11
54 10 55
3 2 31
33 50 32
50 33 51
4 3 48
31 2 29
5 4 48
31 29 30
6 5 59
46 54 35
54 46 13
7 6 57
30 34 33
34 30 35
8 7 56
9 8 56
10 9 55
21 27 39
27 21 22
28 40 39
40 28 29
12 11 54
1 36 41
13 12 54
37 19 20
19 37 18
14 13 46
15 14 45
17 36 0
16 15 26
46 44 45
44 46 47
37 40 41
40 37 38
27 42 28
42 27 22
19 24 23
24 19 18
22 23 42
23 22 20
20 19 23
20 21 38
21 20 22
24 43 23
43 24 44
42 23 43
44 47 43
26 15 45
24 25 44
25 26 45
29 2 40
40 2 41
27 28 39
48 31 49
31 48 3
29 28 42
63 53 55
53 63 52
56 7 57
62 58 61
31 30 32
6 59 58
31 32 49
32 30 33
34 52 33
52 34 53
14 46 45
34 35 53
37 20 38
36 37 41
40 38 39
38 21 39
35 42 47
42 43 47
44 25 45
46 35 47
5 48 59
49 32 50
48 49 60
67 50 61
50 67 49
51 33 52
50 51 61
63 55 56
51 52 63
54 55 64
53 35 64
64 35 54
9 56 55
55 53 64
51 63 62
61 58 67
57 6 58
49 67 60
59 48 60
58 59 67
59 60 67
61 51 62
56 62 63
