37 18 19
18 37 17
4 48 5
48 4 3
1 0 36
56 65 55
65 56 63
2 1 41
61 49 50
49 61 59
3 2 31
56 66 63
66 56 57
35 54 53
54 35 13
30 35 34
35 30 29
6 5 59
21 27 39
27 21 22
7 6 58
8 7 57
9 8 56
14 46 15
46 14 35
10 9 55
31 40 29
40 31 41
11 10 54
40 37 38
37 40 41
12 11 54
39 27 28
13 12 54
36 17 37
17 36 0
14 13 35
16 15 45
27 42 28
42 27 22
40 38 39
42 29 28
29 42 47
29 47 35
20 23 21
23 20 19
22 21 23
19 20 38
20 21 38
42 22 43
23 43 22
43 23 24
23 19 24
47 44 46
44 47 43
43 24 44
24 25 44
26 16 45
25 26 44
31 29 30
41 1 36
31 2 41
28 29 39
9 56 55
59 5 48
57 7 58
31 50 49
50 31 32
31 30 32
48 3 31
33 51 50
51 33 52
32 30 33
34 52 33
52 34 35
32 33 50
33 30 34
37 19 38
29 40 39
36 37 41
21 39 38
46 44 45
15 46 45
42 43 47
26 45 44
46 35 47
48 31 49
48 49 60
58 62 57
62 58 67
56 8 57
50 51 67
63 52 65
52 63 51
52 35 53
10 55 54
52 53 65
53 54 64
53 55 65
55 53 64
54 55 64
51 63 66
50 67 61
49 59 60
58 6 59
59 48 60
58 59 61
58 61 67
67 51 62
62 51 66
57 62 66
