19 37 18
37 19 38
29 40 39
40 29 30
1 0 36
31 2 41
2 31 3
2 1 41
48 5 4
5 48 6
41 1 36
4 3 48
65 53 55
53 65 63
47 43 44
43 47 42
30 34 33
34 30 35
7 6 59
35 30 29
8 7 58
9 8 56
10 9 55
55 9 56
11 10 54
37 41 36
41 37 40
12 11 54
22 27 21
27 22 42
13 12 54
18 36 17
36 18 37
14 13 35
38 19 20
15 14 45
36 0 17
16 15 45
19 23 20
23 19 24
38 20 21
29 42 47
42 29 28
20 23 22
23 43 22
43 23 24
21 20 22
42 22 43
27 42 28
44 24 45
24 44 43
24 25 45
25 16 26
26 45 25
45 26 16
21 27 39
29 47 35
31 41 40
27 28 39
50 61 49
61 50 51
3 31 48
28 29 39
51 63 62
63 51 52
7 59 58
31 50 49
50 31 32
57 8 58
8 57 56
30 31 40
31 30 32
51 33 52
33 51 50
32 30 33
35 53 52
53 35 54
32 33 50
54 35 13
33 34 52
34 35 52
14 35 46
39 40 38
38 21 39
37 38 40
47 44 46
14 46 45
44 45 46
46 35 47
6 48 59
48 31 49
48 49 60
62 66 61
66 62 65
63 52 53
10 55 54
53 54 64
54 55 64
55 53 64
55 56 65
58 66 57
66 58 67
56 57 66
61 67 49
67 61 66
49 67 60
58 59 67
59 48 60
59 60 67
61 51 62
66 65 56
62 63 65
