40 37 38
37 40 41
29 30 31
30 29 35
1 0 36
50 33 51
33 50 32
2 1 41
31 50 49
50 31 32
3 2 31
3 31 48
4 3 48
54 35 13
35 54 53
5 4 48
29 31 40
6 5 59
30 35 34
7 6 59
41 1 36
8 7 58
9 8 56
10 9 56
14 46 15
46 14 35
11 10 55
27 22 42
22 27 21
12 11 54
29 40 39
13 12 54
37 18 19
18 37 17
14 13 35
37 19 20
37 20 38
16 15 45
29 42 47
42 29 28
17 37 36
0 17 36
22 21 20
20 23 22
23 20 24
15 46 45
20 21 38
43 23 44
23 43 22
42 22 43
23 24 44
44 25 45
25 44 24
25 16 26
47 44 46
44 47 43
25 26 45
26 16 45
21 27 38
29 47 35
31 41 40
41 31 2
27 28 39
28 27 42
35 53 52
28 29 39
52 33 34
33 52 51
31 49 48
66 56 57
56 66 65
67 60 49
60 67 59
58 7 59
31 30 32
56 8 57
32 30 33
51 63 62
63 51 52
33 30 34
34 35 52
40 38 39
27 39 38
36 37 41
46 44 45
42 43 47
46 35 47
59 5 48
48 49 60
62 67 61
67 62 66
49 50 61
50 51 61
63 52 53
55 10 56
11 55 54
53 54 64
54 55 64
53 55 65
55 53 64
55 56 65
57 8 58
62 65 66
65 62 63
49 61 67
57 58 66
58 59 67
59 48 60
58 67 66
61 51 62
53 65 63
