19 37 18
37 19 38
39 27 28
27 39 21
1 0 36
38 40 37
40 38 39
2 1 41
41 1 36
3 2 48
33 51 50
51 33 52
4 3 48
59 5 48
5 59 6
5 4 48
48 41 31
41 48 2
31 41 40
7 6 58
35 30 29
30 35 34
8 7 57
9 8 57
10 9 56
35 29 42
11 10 55
31 29 30
29 31 40
12 11 54
11 55 54
13 12 54
18 36 17
36 18 37
14 13 54
15 14 46
36 0 17
16 15 45
19 23 20
23 19 24
37 40 41
46 14 54
22 42 27
42 22 43
20 23 22
21 22 27
22 21 20
19 20 38
20 21 38
35 42 47
42 29 28
27 42 28
44 25 45
25 44 24
22 23 43
43 23 24
25 16 26
16 45 26
25 26 45
46 54 35
53 63 52
63 53 55
49 31 50
31 49 48
28 29 39
34 52 33
52 34 35
50 31 32
62 67 61
67 62 66
49 59 60
59 49 61
31 30 32
32 30 33
63 55 65
32 33 50
33 30 34
35 54 53
44 46 47
46 44 45
29 40 39
36 37 41
38 21 39
44 47 43
24 44 43
42 43 47
45 15 46
46 35 47
48 49 60
57 7 58
49 50 61
62 61 51
50 51 61
56 9 57
51 52 63
52 35 53
54 55 64
53 54 64
55 53 64
55 10 56
51 63 62
55 56 65
56 57 66
57 58 66
58 6 59
59 48 60
58 59 67
59 61 67
66 65 56
65 66 62
62 63 65
66 58 67
