40 38 39
38 40 37
1 0 36
59 49 67
49 59 60
2 1 36
66 57 58
57 66 62
3 2 41
32 49 31
49 32 50
4 3 48
3 31 48
31 3 41
5 4 48
35 30 29
30 35 34
6 5 59
31 41 40
7 6 58
29 40 39
40 29 31
8 7 58
9 8 56
10 9 56
11 10 54
39 27 28
27 39 21
12 11 54
37 40 41
13 12 54
36 18 37
18 36 17
14 13 46
17 36 0
15 14 46
37 18 19
16 15 45
0 18 17
47 29 42
29 47 35
42 29 28
19 24 23
24 19 25
23 20 19
20 23 21
19 20 37
21 22 27
22 21 23
43 22 23
22 43 42
20 21 38
13 47 46
47 13 35
42 27 22
27 42 28
43 23 44
46 44 45
44 46 47
23 24 44
16 45 26
24 25 44
25 26 45
13 54 35
31 29 30
28 29 39
10 55 54
55 10 56
31 49 60
51 33 52
33 51 50
8 58 57
31 30 32
32 30 33
34 52 33
52 34 53
32 33 50
33 30 34
35 54 53
34 35 53
2 36 41
20 38 37
36 37 41
21 39 38
44 47 43
44 25 45
42 43 47
45 15 46
5 48 59
48 31 60
66 51 62
51 66 61
49 50 67
8 57 56
50 51 61
56 63 55
63 56 65
51 52 65
54 55 64
52 53 63
53 54 64
63 53 55
55 53 64
65 52 63
58 67 61
67 58 59
56 57 62
67 50 61
58 6 59
59 48 60
58 61 66
62 51 65
56 62 65
