245 239
244 259
247 280
252 300
258 319
268 337
281 350
294 362
310 366
329 364
350 356
371 343
388 326
399 304
405 280
409 255
411 231
247 220
255 214
267 214
279 216
290 223
312 220
328 212
346 210
365 212
382 219
301 239
299 256
298 274
296 291
285 296
292 301
300 304
309 301
317 298
261 237
269 234
279 234
287 241
278 243
268 242
327 240
338 233
350 233
360 236
350 241
339 242
281 318
288 316
295 315
301 317
308 315
320 317
335 317
321 327
309 331
301 331
295 330
288 326
286 319
295 321
301 322
308 321
329 319
308 321
301 322
294 321
