19 37 18
37 19 20
66 51 62
51 66 61
1 0 36
35 29 47
29 35 30
2 1 41
59 7 6
7 59 58
3 2 31
54 55 64
55 54 10
4 3 31
5 4 48
29 31 40
31 29 30
6 5 48
40 31 41
8 7 58
9 8 56
47 29 42
10 9 55
30 35 34
11 10 54
40 37 38
37 40 41
12 11 54
29 40 39
13 12 54
18 37 36
14 13 35
18 36 17
15 14 46
36 0 17
16 15 45
23 20 19
20 23 22
37 20 38
21 27 39
27 21 22
46 14 35
23 19 24
22 21 20
20 21 38
22 42 27
42 22 43
44 46 47
46 44 45
43 22 23
27 42 28
44 24 25
24 44 43
23 24 43
26 45 25
45 26 16
42 29 28
41 1 36
27 28 39
54 35 13
35 54 53
31 2 41
28 29 39
8 57 56
57 8 58
66 57 58
57 66 62
31 50 49
50 31 32
31 30 32
48 4 31
33 50 32
50 33 51
32 30 33
52 33 34
33 52 51
33 30 34
34 35 52
40 38 39
36 37 41
38 21 39
44 47 43
44 25 45
42 43 47
15 46 45
46 35 47
48 31 49
6 48 59
48 49 60
58 61 66
61 58 59
49 50 61
9 56 55
50 51 61
65 55 56
55 65 53
51 52 63
52 35 53
52 53 63
53 54 64
55 53 64
51 63 62
49 61 59
56 57 62
49 59 60
59 48 60
56 62 65
62 63 65
63 53 65
