18 37 17
37 18 19
53 55 63
55 53 64
3 1 2
1 0 36
41 2 1
2 41 31
2 31 48
3 2 48
4 3 48
49 31 50
31 49 48
5 4 48
35 29 47
29 35 30
6 5 48
30 35 34
7 6 59
55 9 56
9 55 10
8 7 58
9 8 56
35 54 53
54 35 14
11 10 54
41 1 36
12 11 54
47 29 42
13 12 54
37 19 38
15 13 14
14 13 54
38 19 20
15 14 46
40 37 38
37 40 41
16 15 45
21 27 38
27 21 22
17 37 36
0 17 36
17 0 18
40 38 39
42 27 43
27 42 28
20 23 22
43 23 24
23 43 22
20 21 38
21 20 22
43 27 22
44 25 45
25 44 24
47 44 46
44 47 43
26 16 45
25 26 45
42 29 28
27 28 39
33 52 51
52 33 34
29 31 40
31 29 30
28 29 39
50 33 51
33 50 32
59 6 48
57 62 56
62 57 61
57 8 58
8 57 56
31 30 32
61 57 58
31 32 50
32 30 33
35 53 52
33 30 34
14 35 46
34 35 52
15 46 45
29 40 39
27 39 38
36 37 41
40 31 41
46 44 45
24 44 43
42 43 47
46 35 47
48 49 60
49 50 61
65 52 63
52 65 51
50 51 61
63 52 53
10 55 54
53 54 64
54 55 64
63 55 56
61 58 59
61 59 49
58 7 59
59 48 60
49 59 60
61 51 62
62 51 65
56 62 65
63 56 65
