18 37 17
37 18 19
54 35 13
35 54 53
1 0 36
41 1 36
1 41 2
53 63 52
63 53 55
3 2 31
7 58 8
58 7 59
4 3 48
31 2 41
5 4 48
13 35 14
6 5 48
31 29 30
29 31 40
7 6 59
9 8 56
21 27 39
27 21 22
10 9 55
29 40 39
11 10 54
14 46 15
46 14 35
12 11 54
13 12 54
37 20 38
20 37 19
17 37 36
16 15 45
20 23 22
23 20 24
38 40 37
40 38 39
0 17 36
47 29 42
29 47 35
27 42 28
42 27 22
24 20 19
22 21 20
20 21 38
22 43 42
43 22 23
42 29 28
44 24 25
24 44 23
43 23 44
25 16 26
26 45 44
45 26 16
25 26 44
35 30 29
30 35 34
31 41 40
27 28 39
55 54 10
54 55 64
3 31 48
28 29 39
62 58 61
58 62 57
49 31 50
31 49 48
61 59 49
59 61 58
50 31 32
31 30 32
33 50 32
50 33 51
32 30 33
52 33 34
33 52 51
33 30 34
34 35 52
37 40 41
36 37 41
21 39 38
44 46 47
46 44 45
44 47 43
42 43 47
45 15 46
46 35 47
6 48 59
48 49 60
56 62 63
62 56 57
49 50 67
57 8 58
8 57 56
50 51 67
63 55 56
51 52 63
52 35 53
53 54 64
55 53 64
55 9 56
51 63 66
49 59 60
59 48 60
61 49 67
66 67 51
67 66 61
62 61 66
63 62 66
