36 17 18
17 36 0
56 63 55
63 56 62
1 0 36
21 27 39
27 21 22
2 1 41
55 10 9
10 55 54
3 2 31
7 58 57
58 7 6
4 3 31
29 35 30
35 29 47
5 4 48
31 2 41
6 5 48
41 1 36
40 29 31
29 40 39
8 7 57
9 8 56
30 35 34
11 10 54
20 37 19
37 20 38
12 11 54
40 37 38
37 40 41
13 12 35
36 18 37
14 13 35
37 18 19
15 14 45
16 15 26
43 24 44
24 43 23
0 18 17
42 29 28
29 42 47
22 23 43
23 22 21
20 19 23
20 23 21
42 27 22
27 42 28
42 22 43
20 21 38
47 44 46
44 47 43
46 44 45
23 19 24
25 16 26
24 25 44
26 15 45
25 26 45
31 29 30
31 41 40
27 28 39
54 35 12
35 54 53
28 29 39
33 50 32
50 33 51
31 48 4
48 31 49
57 62 56
62 57 58
49 32 50
32 49 31
31 30 32
62 58 61
32 30 33
52 33 34
33 52 51
33 30 34
34 35 52
14 35 46
40 38 39
36 37 41
21 39 38
14 46 45
44 25 45
42 43 47
46 35 47
6 48 59
48 49 60
61 58 59
49 50 67
8 57 56
50 51 67
55 63 53
51 52 63
52 35 53
54 55 64
52 53 63
53 54 64
55 53 64
55 9 56
51 63 62
61 59 60
61 60 49
58 6 59
59 48 60
61 49 67
62 67 51
67 62 61
