18 37 36
37 18 19
2 41 31
41 2 1
1 0 36
2 31 48
48 4 3
4 48 5
3 2 48
32 49 31
49 32 50
9 56 55
56 9 8
29 40 39
40 29 31
6 5 59
13 35 14
35 13 54
7 6 58
8 7 58
31 41 40
10 9 55
35 30 29
30 35 34
11 10 55
1 36 41
12 11 54
47 44 46
44 47 43
13 12 54
37 20 38
20 37 19
18 36 17
15 14 45
16 15 45
19 23 20
23 19 24
37 40 41
40 37 38
0 17 36
42 29 28
29 42 47
29 47 35
20 23 22
21 22 27
22 21 20
20 21 38
42 27 22
27 42 28
44 23 24
23 44 43
22 43 42
43 22 23
24 25 44
16 45 26
25 26 45
31 29 30
21 27 39
27 28 39
28 29 39
31 49 60
51 33 52
33 51 50
67 49 61
49 67 59
31 30 32
67 62 66
62 67 61
32 30 33
34 52 33
52 34 35
32 33 50
33 30 34
35 54 53
14 35 46
40 38 39
36 37 41
21 39 38
14 46 45
46 44 45
44 25 45
42 43 47
46 35 47
48 31 60
59 5 48
66 56 57
56 66 65
49 50 61
57 8 58
8 57 56
50 51 61
63 62 51
62 63 65
51 52 63
52 35 53
53 63 52
63 53 65
11 55 54
53 54 64
54 55 64
53 55 65
55 53 64
55 56 65
57 58 66
58 6 59
49 59 60
58 59 67
59 48 60
67 66 58
61 51 62
65 66 62
