18 37 17
37 18 19
56 65 55
65 56 66
1 0 36
3 49 4
49 3 31
2 1 41
32 50 31
50 32 33
3 2 31
57 7 58
7 57 8
59 60 67
60 59 48
5 4 48
53 13 12
13 53 35
6 5 59
31 2 41
7 6 58
9 8 56
29 31 40
31 29 30
10 9 56
35 30 29
30 35 34
11 10 55
31 41 40
12 11 54
47 29 42
29 47 35
29 40 39
14 13 35
37 19 20
15 14 46
40 37 38
37 40 41
16 15 45
27 22 43
22 27 21
17 37 36
0 17 36
38 20 21
20 38 37
19 23 20
42 27 43
27 42 28
20 23 22
43 23 44
23 43 22
21 20 22
47 44 46
44 47 43
44 25 26
25 44 24
23 24 44
25 16 26
26 16 45
21 27 38
42 29 28
1 36 41
27 28 39
28 29 39
52 33 34
33 52 51
50 61 49
61 50 51
55 10 56
31 30 32
48 4 49
60 49 61
49 60 48
32 30 33
62 67 61
67 62 66
33 30 34
14 35 46
34 35 52
36 37 41
38 27 39
38 39 40
15 46 45
42 43 47
44 26 45
44 45 46
46 35 47
5 48 59
50 33 51
6 59 58
31 50 49
62 51 63
51 62 61
63 51 52
52 35 53
52 53 63
53 12 54
53 54 64
54 11 55
54 55 64
56 8 57
56 57 66
66 57 58
58 59 67
66 62 65
65 64 55
64 65 62
60 61 67
64 62 63
53 64 63
66 58 67
