36 18 37
18 36 17
54 11 55
11 54 12
1 0 36
51 33 52
33 51 50
2 1 31
8 58 57
58 8 7
3 2 31
3 48 4
48 3 31
29 31 40
31 29 30
5 4 48
14 54 45
54 14 13
6 5 59
29 40 28
7 6 58
35 30 29
30 35 34
9 8 56
10 9 55
45 54 46
11 10 55
29 42 35
42 29 28
27 21 22
21 27 39
13 12 54
37 19 20
19 37 18
37 20 38
15 14 45
16 15 26
38 40 37
40 38 39
0 17 36
1 36 41
46 44 45
44 46 47
20 23 22
22 21 20
20 21 38
22 43 42
43 22 23
22 42 27
43 24 44
24 43 23
27 42 28
25 16 26
24 25 44
26 15 45
25 26 45
31 1 41
31 41 40
27 28 39
54 55 64
48 31 49
34 52 33
52 34 35
49 32 50
32 49 31
8 57 56
61 49 50
49 61 59
31 30 32
6 59 58
32 30 33
9 56 55
32 33 50
33 30 34
35 54 64
54 35 46
44 47 43
37 40 41
36 37 41
28 40 39
38 21 39
35 42 47
42 43 47
44 25 45
46 35 47
5 48 59
48 49 60
62 67 61
67 62 66
58 66 57
66 58 67
50 51 61
63 62 51
62 63 65
51 52 63
52 35 53
53 63 52
63 53 55
53 35 64
55 53 64
55 56 65
59 61 67
56 57 66
49 59 60
59 48 60
58 59 67
61 51 62
56 66 65
55 65 63
62 65 66
