321 262
320 285
322 310
325 334
332 357
345 377
362 392
382 403
405 407
429 403
448 390
464 372
475 353
482 332
486 310
488 288
489 268
335 242
345 227
363 222
381 224
398 231
421 230
437 225
454 225
469 231
477 245
409 251
408 264
408 276
408 289
386 308
397 311
407 313
417 311
427 309
352 256
362 250
373 250
384 256
373 259
361 259
430 258
441 252
452 253
461 259
452 263
441 261
372 342
385 336
398 332
406 335
416 333
427 337
438 344
427 351
415 355
406 356
396 354
385 350
377 342
397 341
406 342
415 341
433 343
415 343
406 344
397 343
