36 0 17
0 36 1
29 31 40
31 29 30
49 32 50
32 49 31
3 1 2
2 1 41
13 35 14
35 13 54
3 2 31
62 66 67
66 62 63
4 3 48
33 50 32
50 33 51
5 4 48
31 2 41
6 5 48
35 30 29
30 35 34
7 6 59
8 7 57
9 8 56
38 40 37
40 38 39
10 9 55
21 27 39
27 21 22
11 10 54
41 1 36
12 11 54
19 37 18
37 19 20
13 12 54
36 17 18
15 13 14
36 18 37
15 14 45
29 40 39
16 15 45
19 23 20
23 19 24
37 20 38
29 42 47
42 29 28
46 14 35
14 46 45
22 21 20
20 23 22
44 47 43
47 44 46
20 21 38
22 42 27
42 22 43
27 42 28
43 22 23
44 25 45
25 44 24
23 24 43
26 45 25
45 26 16
29 47 35
31 41 40
27 28 39
35 54 53
3 31 48
28 29 39
54 55 64
55 54 10
31 49 48
63 51 52
51 63 62
58 7 59
7 58 57
31 30 32
56 8 57
32 30 33
52 33 34
33 52 51
33 30 34
34 35 52
37 40 41
36 37 41
21 39 38
46 44 45
24 44 43
42 43 47
46 35 47
6 48 59
48 49 60
50 61 49
61 50 51
63 52 53
66 63 65
52 35 53
53 54 64
65 53 64
53 65 63
55 9 56
62 67 61
55 56 65
67 60 49
60 67 59
56 57 66
67 49 61
57 58 66
59 48 60
58 59 67
61 51 62
56 66 65
65 64 55
66 58 67
