16 8 11 
8 16 18 
8 18 3 
18 16 24 
29 39 28 
39 29 30 
18 1 3 
1 18 0 
0 18 17 
65 56 63 
56 65 55 
3 1 2 
1 0 36 
3 49 48 
49 3 31 
2 1 31 
31 3 2 
8 3 4 
63 57 66 
57 63 56 
8 4 5 
4 3 48 
7 58 8 
58 7 6 
8 5 6 
5 4 48 
53 35 54 
35 53 52 
8 6 7 
6 5 48 
1 36 41 
8 7 8 
8 9 10 
9 8 8 
8 10 11 
9 8 56 
30 35 34 
35 30 42 
10 9 55 
30 34 33 
16 11 12 
11 10 54 
27 21 22 
21 27 39 
16 12 13 
12 11 54 
40 30 31 
30 40 39 
16 13 14 
13 12 54 
40 37 38 
37 40 41 
16 14 16 
14 13 54 
38 21 39 
21 38 20 
16 14 15 
15 14 35 
18 37 17 
37 18 19 
16 16 26 
16 15 45 
35 42 47 
17 37 36 
0 17 36 
17 18 18 
37 19 20 
18 18 19 
24 20 19 
20 24 23 
19 18 24 
22 21 20 
20 23 22 
22 43 42 
43 22 23 
42 27 22 
27 42 28 
44 25 26 
25 44 24 
23 24 43 
24 16 25 
25 16 26 
47 44 46 
44 47 43 
26 16 45 
42 30 29 
31 41 40 
41 31 1 
27 28 39 
67 58 61 
58 67 66 
29 28 42 
51 33 52 
33 51 50 
63 51 52 
51 63 62 
31 50 49 
50 31 32 
31 30 32 
55 9 56 
32 30 33 
14 54 35 
32 33 50 
33 34 52 
46 44 45 
34 35 52 
15 35 46 
40 38 39 
20 38 37 
36 37 41 
15 46 45 
24 44 43 
42 43 47 
44 26 45 
46 35 47 
6 48 59 
48 49 60 
49 50 61 
56 8 57 
50 51 67 
63 52 65 
10 55 54 
52 53 65 
53 54 64 
54 55 64 
53 55 65 
55 53 64 
57 8 58 
50 67 61 
49 61 60 
57 58 66 
58 6 59 
60 61 59 
58 59 61 
59 48 60 
62 67 51 
67 62 66 
63 66 62 
