36 18 37
18 36 17
2 31 48
31 2 1
1 0 36
2 48 3
31 49 48
49 31 50
1 36 41
4 3 48
65 52 63
52 65 51
5 4 48
55 63 53
63 55 56
6 5 48
30 33 32
33 30 34
7 6 59
34 30 35
8 7 58
9 8 56
10 9 55
35 30 47
11 10 54
36 0 17
12 11 54
22 27 21
27 22 42
13 12 54
37 19 38
19 37 18
14 13 54
31 39 30
39 31 40
15 14 35
16 15 45
38 19 20
39 27 28
27 39 21
30 42 47
42 30 29
19 23 20
20 23 21
22 43 42
43 22 23
20 21 38
21 23 22
27 42 28
43 24 44
24 43 23
24 25 44
26 16 45
25 26 45
44 46 47
46 44 45
38 40 37
40 38 39
7 59 58
31 1 41
28 29 39
29 28 42
33 50 32
50 33 51
50 31 32
29 30 39
66 57 58
57 66 62
57 8 58
8 57 56
31 30 32
52 33 34
33 52 51
10 55 54
35 53 52
53 35 54
14 54 35
15 35 46
34 35 52
44 47 43
37 40 41
36 37 41
21 39 38
40 31 41
15 46 45
44 25 45
42 43 47
46 35 47
6 48 59
48 49 60
66 51 62
51 66 61
49 50 61
63 52 53
50 51 61
55 9 56
53 54 64
54 55 64
55 53 64
49 61 59
56 57 62
59 61 58
49 59 60
59 48 60
58 61 66
62 51 65
56 62 63
63 62 65
