21 39 38
39 21 27
58 6 59
6 58 7
1 0 31
65 56 66
56 65 55
2 1 49
32 50 31
50 32 33
3 2 48
57 7 58
7 57 8
4 3 48
10 55 11
55 10 56
5 4 59
56 8 57
8 56 9
6 5 59
49 1 31
50 33 51
10 9 56
2 49 48
30 33 32
33 30 34
12 11 55
0 36 41
36 0 17
13 12 54
30 42 47
42 30 29
14 13 54
38 40 37
40 38 39
15 14 53
27 22 42
22 27 21
16 15 35
37 18 19
18 37 17
39 28 29
28 39 27
37 19 38
17 37 36
19 20 38
20 23 22
43 22 23
22 43 42
20 21 38
21 20 22
28 42 29
42 28 27
43 24 44
24 43 23
24 25 44
26 16 45
25 26 44
30 47 35
31 39 30
39 31 40
30 35 34
31 0 41
15 53 35
29 30 39
62 67 61
67 62 66
31 30 32
52 33 34
33 52 51
51 62 61
62 51 52
53 14 54
16 35 45
34 35 52
44 46 47
46 44 45
37 40 41
36 37 41
40 31 41
44 47 43
42 43 47
45 35 46
44 26 45
46 35 47
4 48 59
50 61 49
61 50 51
31 50 49
48 49 60
55 65 64
54 12 55
52 35 53
52 53 63
53 54 64
54 55 64
66 57 58
57 66 56
62 52 63
61 67 60
66 62 65
58 59 67
59 48 60
59 60 67
60 49 61
65 62 63
53 64 63
63 64 65
66 58 67
